GUI rows 189 bucket cols ['CB01', 'CB02', 'CB03', 'CB04', 'CB05', 'CB06', 'CB07', 'CB08', 'CB09', 'CB10'] | API rows 188 API buckets 10
only GUI ['A']
only API []
matching 176 differing 12
('SA:07:00:00:00', '', '', 'LEVEL1', [(1, 159269276.42, 242611002.44), (2, 84843854.47, 1502128.45), (3, 416081962.82, 166056784.76), (4, 62898136.81, 20443589.21), (5, 187243417.42, 229465212.68), (7, 508415709.69, 425073983.67), (8, 83341726.02, 0.0)], ('tot', 1859862182.61, 1442920800.17), 'api extra buckets', [])
('SA:07:04:00:00', '64', '64', '', [(1, 159269276.42, 242611002.44), (2, 84843854.47, 1502128.45), (3, 416081962.82, 166056784.76), (4, 62898136.81, 20443589.21), (5, 187243417.42, 229465212.68), (7, 508415709.69, 425073983.67), (8, 83341726.02, 0.0)], ('tot', 1859862182.61, 1442920800.17), 'api extra buckets', [])
('SA:99:99:99:99', '', '', 'SUBTOTAL', [(1, 187119276.42, 270461002.44), (2, 84843854.47, 1502128.45), (3, 4816056962.82, 4566031784.76), (4, 978927799.33, 936473251.73), (5, 9184948067.44, 9227169862.7), (7, 60119772099.69, 60036430373.67), (8, 528200977839.54, 528117636113.52)], ('tot', 781351502988.67, 780934561606.23), 'api extra buckets', [])
('SB:11:00:00:00', '', '', 'LEVEL1', [(1, 9045000.0, 0.0), (2, 15000.0, 0.0), (3, 2000000.0, 0.0), (7, 6000000.0, 0.0), (8, 300999045.0, 0.0), (10, 7060000.0, 0.0)], ('tot', 325119045.0, 0.0), 'api extra buckets', [])
('SB:11:01:00:00', '92', '92', '', [(1, 9000000.0, 0.0), (2, 7000.0, 0.0), (3, 1000000.0, 0.0), (7, 6000000.0, 0.0), (8, 45.0, 0.0), (10, 60000.0, 0.0)], ('tot', 16067045.0, 0.0), 'api extra buckets', [])
('SB:11:02:00:00', '92', '92', '', [(1, 45000.0, 0.0), (2, 8000.0, 0.0), (3, 1000000.0, 0.0), (8, 300999000.0, 0.0), (10, 7000000.0, 0.0)], ('tot', 309052000.0, 0.0), 'api extra buckets', [])
('SB:99:99:99:99', '', '', 'SUBTOTAL', [(1, 2209544999.34, 2200499999.34), (2, 234920000.0, 234905000.0), (3, 2000000.0, 0.0), (7, 6000000.0, 0.0), (8, 300999045.0, 0.0), (10, 7060000.0, 0.0)], ('tot', 7159665585.34, 6834546540.34), 'api extra buckets', [])
('SA:99:99:99:99_A1', '', '', 'CUMULATIVE', [(1, 187119276.42, 270461002.44), (3, 5088020093.71, 4837994915.65), (4, 6066947893.04, 5774468167.38), (5, 15251895960.48, 15001638030.08), (6, 64679903049.44, 64429645119.04), (7, 124799675149.13, 124466075492.71), (8, 653000652988.67, 652583711606.23), (9, 781351502988.67, 780934561606.23), (10, 781351502988.67, 780934561606.23)], ('tot', 0.0, 780934561606.23), 'api extra buckets', [])
('SC', '', '', 'MISMATCH', [(1, 2022425722.92, 1930038996.9), (2, 150076145.53, 233402871.55), (3, -4814056962.82, -4566031784.76), (4, -275211799.33, -232757251.73), (5, -9184948067.44, -9227169862.7), (7, -60113772099.69, -60036430373.67), (8, -527899978794.54, -528117636113.52), (10, 7060000.0, 0.0)], ('tot', -774191837403.33, -774100015065.89), 'api extra buckets', [])
('SD', '', '', 'CUMULATIVE', [(1, 2022425722.92, 1930038996.9), (2, 2172501868.45, 2163441868.45), (3, -2641555094.37, -2402589916.31), (4, -2916766893.7, -2635347168.04), (5, -12101714961.14, -11862517030.74), (6, -61529722050.1, -61290524119.7), (7, -121643494149.79, -121326954493.37), (8, -649543472944.33, -649444590606.89), (9, -774198897403.33, -774100015065.89), (10, -774191837403.33, -774100015065.89)], ('tot', -2394572533308.72, -774100015065.89), 'api extra buckets', [])
('SE', '', '', 'PERCENT', [(1, 1080.82, 713.61), (2, 176.89, 15538.14), (3, -99.96, -100.0), (4, -28.11, -24.85), (7, -99.99, -100.0), (8, -99.94, -100.0)], ('tot', -99.0, -99.12), 'api extra buckets', [])
('SF', '', '', 'PERCENT', [(1, 1080.82, 713.61), (2, 798.82, 795.49), (3, -51.92, -49.66), (4, -48.08, -45.64), (5, -79.35, -79.07), (7, -97.47, -97.48), (8, -99.47, -99.52), (9, -99.08, -99.12), (10, -99.08, -99.12)], ('tot', 0.0, 0.0), 'api extra buckets', [])
